 function [ table ] = getRobertsonTable()

    % This table was extracted by Marc Pomar Torres from:
    % Computation of Correlated Color Temperature and Distribution Temperature
    % Journal of the optical society of america - Volume 58, number 11 -
    % Year: 1968
    table = zeros(31,4);
        
    % Isotemperature
    table(:,1) = [
        50000 %100010 % Infinite temperature
        50000 %100000
        50000
        33333
        25000
        20000
        16667
        14286
        12500
        11111
        10000
        8000
        6667
        5714
        5000
        4444
        4000
        3636
        3333
        3037
        2857
        2667
        2500
        2353
        2222
        2105
        2000
        1905
        1818
        1739
        1667
    ];
    
    % U component
    table(:,2) = [
        0.18006
        0.18065
        0.18132
        0.18208
        0.18293
        0.18388
        0.18494
        0.18611
        0.18739
        0.18879
        0.19031
        0.19461
        0.19960
        0.20523
        0.21140
        0.21804
        0.22507
        0.23243
        0.24005
        0.24787
        0.25585
        0.26394
        0.27210
        0.28032
        0.28854
        0.29676
        0.30496
        0.31310
        0.32119
        0.32920
        0.33713
    ];

    % V component
    table(:,3) = [
        0.26352
        0.26589
        0.26845
        0.27118
        0.27407
        0.27708
        0.28020
        0.28340
        0.28666
        0.28995
        0.29325
        0.30139
        0.30918
        0.31645
        0.32309
        0.32906
        0.33436
        0.33901
        0.34305
        0.34653
        0.34948
        0.35198
        0.35405
        0.35575
        0.35713
        0.35822
        0.35906
        0.35968
        0.36011
        0.36038
        0.36051
    ];

    % Slope
    table(:,4) = [
        -0.2434
        -0.2548
        -0.2687
        -0.2854
        -0.3047
        -0.3267
        -0.3515
        -0.3790
        -0.4094
        -0.4426
        -0.4787
        -0.5817
        -0.7043
        -0.8484
        -1.017
        -1.216
        -1.450
        -1.728
        -2.061
        -2.465
        -2.960
        -3.576
        -4.355
        -5.365
        -6.711
        -8.572
        -11.29
        -15.56
        -23.20
        -40.41
        -113.8
    ];
    
end

